$ANSIBLE_VAULT;1.1;AES256
63303865313438653835303961653138666334633637656565666139643734383932646464303937
3436613562386139656637303532653861383132313434390a343064376237646664373838373437
34336165633737346636636136336334373738663936646436366333333937383930303239353961
3063303066373030370a656339386265343865316339656233313936326633656365383237363861
63356634343264383465626239646661616137623466343563623733353336636434623830666435
63396237393436646132653435373033326435373233346266613866373830323366353261336635
63303436633036663336636164383732653037376261363839313065643539666137393037636333
63616261616234353339643837303066643930316366373434636131656133633930613431353161
36306538343366333561306561663062663932336530336636393139646637383261343135663830
36623561393237366532396130653339346265383062613665363431633833393466626435303934
33646436633832333537383637653437626130396431373461326262636464323666616363663962
37393735636266613637666563396165343739333939643263636230616261653531306635643031
38613835653664653262336131643563306366356333393437393538616333663632666635353066
64366566313334323137343338376632363065366337353230663738653731623137623935376561
32326665306534303632386430356362353261356634356431393530383661303863343366333534
64343164653965613039393262653636323236613166626633313234343134366636633238303735
66643565366639616636653136363361376136306561303862366133633635313036376639623230
36373134383137626131336638336431666333613364646537336665623234303335653362313636
32643238323233643361653866313934373831343561663463383664613364656236383331666138
64643664626462663637393634343937636364643037346639383635336264383434616165663231
33643231316637353565386566376632353566363862653361623234343737353736623238323530
62653965626538643937613138376566623062626665656233623764353766313737316139613365
61333366616434333332353137323939393461333837373932626135393865636530653666306538
65366331633436323939346133336232663836383333616437633932306266396231333332626361
32653437343535346166656635363764343065326538633632333735373061353932
